Player,Player,Stats_SeasonEnd,Salary,missing
A.C. Green,14,14,12,2
A.J. Bramlett,1,1,1,0
A.J. English,2,2,2,0
A.J. Guyton,3,3,3,0
A.J. Hammons,1,1,1,0
A.J. Price,9,9,8,1
A.J. Wynder,1,1,1,0
Aaron Brooks,18,18,13,5
Aaron Gordon,3,3,3,0
Aaron Gray,11,11,11,0
Aaron Harrison,2,2,2,0
Aaron McKie,19,19,16,3
Aaron Miles,1,1,1,0
Aaron Swinson,1,1,1,0
Aaron Williams,20,20,19,1
Acie Earl,6,6,6,0
Acie Law,12,12,12,0
Adam Harrington,3,3,3,0
Adam Keefe,9,9,8,1
Adam Morrison,5,5,4,1
Adonal Foyle,15,15,15,0
Adonis Jordan,2,2,1,1
Adonis Thomas,3,3,0,3
Adreian Payne,5,5,5,0
Adrian Branch,1,1,0,1
Adrian Caldwell,8,8,4,4
Adrian Dantley,2,2,1,1
Adrian Griffin,11,11,10,1
Al Harrington,21,21,19,2
Al Horford,10,10,10,0
Al Jefferson,13,13,10,3
Al Thornton,8,8,8,0
Al-Farouq Aminu,7,7,7,0
Alaa Abdelnaby,9,9,9,0
Alan Anderson,8,8,5,3
Alan Henderson,12,12,11,1
Alan Ogg,5,5,2,3
Alan Williams,2,2,2,0
Alando Tucker,5,5,5,0
Albert King,1,1,0,1
Alec Burks,6,6,6,0
Alec Kessler,4,4,4,0
Aleksandar Djordjevic,1,1,0,1
Aleksandar Radojevic,2,2,2,0
Alex Abrines,1,1,1,0
Alex Acker,4,4,4,0
Alex Blackwell,1,1,1,0
Alex English,2,2,1,1
Alex Garcia,2,2,2,0
Alex Kirk,1,1,1,0
Alex Len,4,4,4,0
Alex Poythress,2,2,2,0
Alex Scales,1,1,0,1
Alex Stepheson,6,6,6,0
Alex Stivrins,5,5,5,0
Alexander Johnson,2,2,2,0
Alexander Volkov,2,2,1,1
Alexey Shved,6,6,6,0
Alexis Ajinca,9,9,6,3
Allan Houston,12,12,9,3
Allan Ray,1,1,0,1
Allen Crabbe,4,4,3,1
Allen Iverson,23,23,17,6
Alonzo Gee,22,22,21,1
Alonzo Mourning,18,18,16,2
Alphonso Ford,2,2,0,2
Alton Ford,3,3,3,0
Alton Lister,10,10,9,1
Alvin Heggs,1,1,0,1
Alvin Jones,1,1,1,0
Alvin Robertson,7,7,6,1
Alvin Sims,1,1,0,1
Alvin Williams,12,12,11,1
Amal McCaskill,5,5,4,1
Amar'e Stoudemire,19,19,18,1
Amir Johnson,12,12,12,0
Anderson Varejao,19,19,19,0
Andrae Patterson,2,2,2,0
Andray Blatche,10,10,10,0
Andre Barrett,8,8,4,4
Andre Brown,3,3,2,1
Andre Dawkins,1,1,1,0
Andre Drummond,5,5,4,1
Andre Emmett,2,2,2,0
Andre Iguodala,13,13,12,1
Andre Miller,28,28,26,2
Andre Owens,2,2,2,0
Andre Roberson,4,4,4,0
Andre Spencer,6,6,3,3
Andre Turner,5,5,2,3
Andrea Bargnani,10,10,10,0
Andreas Glyniadakis,1,1,1,0
Andrei Kirilenko,13,13,12,1
Andres Guibert,2,2,0,2
Andres Nocioni,10,10,9,1
Andrew Bogut,17,17,17,0
Andrew Bynum,10,10,10,0
Andrew DeClercq,12,12,12,0
Andrew Gaze,2,2,0,2
Andrew Goudelock,3,3,2,1
Andrew Harrison,1,1,1,0
Andrew Lang,13,13,11,2
Andrew Nicholson,7,7,7,0
Andrew Wiggins,3,3,3,0
Andris Biedrins,10,10,9,1
Andy Panko,1,1,0,1
Andy Rautins,1,1,1,0
Andy Toolson,2,2,2,0
Anfernee Hardaway,16,16,14,2
Ansu Sesay,4,4,3,1
Antawn Jamison,18,18,17,1
Anthony Avent,8,8,6,2
Anthony Bennett,5,5,5,0
Anthony Bonner,6,6,4,2
Anthony Bowie,7,7,3,4
Anthony Brown,10,10,10,0
Anthony Carter,15,15,13,2
Anthony Cook,6,6,6,0
Anthony Davis,5,5,5,0
Anthony Frederick,2,2,2,0
Anthony Goldwire,16,16,8,8
Anthony Grundy,1,1,0,1
Anthony Johnson,21,21,14,7
Anthony Jones,1,1,0,1
Anthony Mason,13,13,9,4
Anthony Miller,11,11,10,1
Anthony Morrow,13,13,12,1
Anthony Parker,9,9,8,1
Anthony Peeler,15,15,15,0
Anthony Pullard,1,1,1,0
Anthony Randolph,8,8,7,1
Anthony Roberson,5,5,5,0
Anthony Tolliver,17,17,16,1
Anthony Tucker,1,1,1,0
Antoine Carr,13,13,9,4
Antoine Rigaudeau,1,1,0,1
Antoine Walker,14,14,12,2
Antoine Wright,8,8,8,0
Antonio Anderson,1,1,0,1
Antonio Burks,2,2,2,0
Antonio Daniels,15,15,12,3
Antonio Davis,17,17,13,4
Antonio Harvey,10,10,9,1
Antonio Lang,8,8,3,5
Antonio McDyess,19,19,19,0
Antonis Fotsis,1,1,1,0
Archie Goodwin,12,12,12,0
Arinze Onuaku,5,5,2,3
Armen Gilliam,15,15,10,5
Armon Johnson,4,4,4,0
Arnett Moultrie,2,2,2,0
Aron Baynes,5,5,5,0
Arron Afflalo,12,12,12,0
Art Long,8,8,7,1
Arvydas Macijauskas,1,1,1,0
Arvydas Sabonis,7,7,5,2
Ashraf Amaya,2,2,2,0
Askia Jones,1,1,0,1
Austin Croshere,17,17,13,4
Austin Daye,15,15,14,1
Austin Rivers,7,7,7,0
Avery Bradley,7,7,6,1
Avery Johnson,21,21,15,6
Awvee Storey,3,3,3,0
Axel Toupane,8,8,8,0
B.J. Armstrong,18,18,15,3
B.J. Tyler,1,1,1,0
Baron Davis,18,18,17,1
Barry Stevens,1,1,0,1
Bart Kofoed,3,3,2,1
Ben Bentil,3,3,3,0
Ben Coleman,2,2,0,2
Ben Davis,4,4,2,2
Ben Gordon,11,11,7,4
Ben Handlogten,2,2,1,1
Ben Hansbrough,1,1,1,0
Ben McLemore,4,4,4,0
Ben Uzoh,4,4,4,0
Ben Wallace,18,18,16,2
Beno Udrih,19,19,17,2
Benoit Benjamin,17,17,12,5
Bernard James,4,4,4,0
Bernard King,3,3,2,1
Bernard Robinson,5,5,3,2
Bill Cartwright,6,6,5,1
Bill Curley,12,12,12,0
Bill Edwards,1,1,0,1
Bill Hanzlik,1,1,0,1
Bill Laimbeer,5,5,3,2
Bill Wennington,9,9,7,2
Billy Owens,14,14,14,0
Billy Thomas,8,8,6,2
Billy Thompson,3,3,1,2
Bimbo Coles,19,19,19,0
Bismack Biyombo,6,6,2,4
Bison Dele,8,8,7,1
Blair Rasmussen,4,4,3,1
Blake Ahearn,3,3,1,2
Blake Griffin,7,7,7,0
Blue Edwards,12,12,11,1
Bo Kimble,3,3,3,0
Bo Outlaw,18,18,16,2
Bob Hansen,5,5,4,1
Bob Martin,2,2,1,1
Bob McCann,5,5,1,4
Bob Sura,12,12,12,0
Bob Thornton,4,4,2,2
Boban Marjanovic,2,2,2,0
Bobby Brown,7,7,7,0
Bobby Hurley,7,7,7,0
Bobby Jackson,14,14,11,3
Bobby Jones,13,13,13,0
Bobby Phills,9,9,8,1
Bobby Portis,2,2,2,0
Bobby Simmons,11,11,10,1
Bojan Bogdanovic,5,5,5,0
Boniface N'Dong,1,1,1,0
Bonzi Wells,14,14,12,2
Boris Diaw,18,18,9,9
Bostjan Nachbar,10,10,9,1
Bracey Wright,2,2,2,0
Brad Daugherty,5,5,4,1
Brad Davis,3,3,2,1
Brad Lohaus,13,13,8,5
Brad Miller,18,18,16,2
Brad Sellers,5,5,0,5
Bradley Beal,5,5,5,0
Brandan Wright,14,14,11,3
Branden Dawson,1,1,1,0
Brandin Knight,1,1,0,1
Brandon Armstrong,3,3,3,0
Brandon Bass,12,12,11,1
Brandon Davies,4,4,0,4
Brandon Hunter,2,2,2,0
Brandon Ingram,1,1,1,0
Brandon Jennings,15,15,15,0
Brandon Knight,8,8,7,1
Brandon Roy,7,7,7,0
Brandon Rush,9,9,9,0
Brandon Williams,3,3,0,3
Brendan Haywood,16,16,16,0
Brent Barry,16,16,14,2
Brent Price,9,9,8,1
Brent Scott,1,1,1,0
Brett Szabo,1,1,1,0
Brevin Knight,17,17,14,3
Brian Cardinal,12,12,12,0
Brian Cook,15,15,15,0
Brian Davis,1,1,1,0
Brian Evans,7,7,7,0
Brian Grant,12,12,10,2
Brian Howard,2,2,1,1
Brian Oliver,4,4,3,1
Brian Quinnett,5,5,4,1
Brian Roberts,7,7,6,1
Brian Rowsom,1,1,0,1
Brian Scalabrine,11,11,9,2
Brian Shaw,18,18,17,1
Brian Skinner,18,18,17,1
Briante Weber,15,15,15,0
Brice Johnson,1,1,1,0
Britton Johnsen,2,2,2,0
Brook Lopez,9,9,9,0
Brooks Thompson,11,11,7,4
Bruce Bowen,15,15,9,6
Bruno Caboclo,3,3,3,0
Bruno Sundov,10,10,10,0
Bryant Reeves,6,6,6,0
Bryant Stith,10,10,10,0
Bryce Cotton,8,8,8,0
Bryce Dejean-Jones,1,1,1,0
Bryce Drew,6,6,6,0
Bryn Forbes,1,1,1,0
Bryon Russell,13,13,11,2
Bubba Wells,1,1,0,1
Buck Johnson,4,4,3,1
Buck Williams,9,9,8,1
Buddy Hield,3,3,3,0
Byron Dinkins,4,4,0,4
Byron Houston,4,4,4,0
Byron Irvin,3,3,1,2
Byron Mullens,7,7,5,2
Byron Scott,8,8,6,2
C.J. McCollum,4,4,4,0
C.J. Miles,12,12,11,1
C.J. Watson,10,10,8,2
C.J. Wilcox,3,3,3,0
Cal Bowdler,3,3,3,0
Calbert Cheaney,13,13,13,0
Caldwell Jones,1,1,0,1
Calvin Booth,18,18,17,1
Calvin Natt,1,1,0,1
Cameron Bairstow,3,3,2,1
Cameron Payne,4,4,4,0
Caris LeVert,1,1,1,0
Carl Herrera,13,13,12,1
Carl Landry,13,13,12,1
Carl Thomas,6,6,5,1
Carldell Johnson,1,1,1,0
Carlos Arroyo,17,17,14,3
Carlos Boozer,13,13,12,1
Carlos Delfino,8,8,7,1
Carlos Rogers,10,10,9,1
Carlton McKinney,2,2,0,2
Carmelo Anthony,16,16,14,2
Caron Butler,18,18,18,0
Carrick Felix,1,1,0,1
Cartier Martin,11,11,6,5
Casey Jacobsen,6,6,6,0
Casey Shaw,1,1,1,0
Casper Ware,1,1,0,1
Cedric Ball,1,1,0,1
Cedric Bozeman,1,1,1,0
Cedric Ceballos,17,17,17,0
Cedric Henderson,5,5,5,0
Cedric Hunter,1,1,0,1
Cedric Jackson,4,4,4,0
Cedric Lewis,1,1,0,1
Cedric Simmons,7,7,7,0
Cezary Trybanski,4,4,4,0
Chad Gallagher,1,1,0,1
Chandler Parsons,6,6,5,1
Channing Frye,13,13,11,2
Charles Barkley,11,11,9,2
Charles Claxton,1,1,0,1
Charles Davis,1,1,0,1
Charles Jenkins,4,4,4,0
Charles Jones,11,11,7,4
Charles O'Bannon,2,2,2,0
Charles Oakley,15,15,12,3
Charles Shackleford,5,5,2,3
Charles Smith,26,26,24,2
Charles Thomas,1,1,0,1
Charlie Bell,9,9,9,0
Charlie Villanueva,11,11,9,2
Charlie Ward,13,13,11,2
Chase Budinger,12,12,12,0
Chasson Randle,6,6,6,0
Chauncey Billups,24,24,23,1
Cheick Diallo,1,1,1,0
Cheikh Samb,5,5,5,0
Cherokee Parks,11,11,10,1
Chinanu Onuaku,1,1,1,0
Chris Andersen,18,18,17,1
Chris Anstey,3,3,1,2
Chris Babb,1,1,0,1
Chris Bosh,13,13,12,1
Chris Carr,10,10,9,1
Chris Childs,11,11,6,5
Chris Copeland,4,4,4,0
Chris Corchiani,5,5,4,1
Chris Crawford,7,7,7,0
Chris Douglas-Roberts,6,6,5,1
Chris Dudley,17,17,12,5
Chris Duhon,9,9,8,1
Chris Garner,2,2,1,1
Chris Gatling,19,19,19,0
Chris Herren,2,2,2,0
Chris Hunter,1,1,1,0
Chris Jefferies,4,4,4,0
Chris Jent,2,2,1,1
Chris Johnson,23,23,23,0
Chris Kaman,13,13,12,1
Chris King,3,3,1,2
Chris McCray,1,1,1,0
Chris McCullough,4,4,4,0
Chris Mihm,10,10,10,0
Chris Mills,10,10,10,0
Chris Morris,10,10,8,2
Chris Mullin,13,13,9,4
Chris Munk,1,1,0,1
Chris Owens,1,1,1,0
Chris Paul,12,12,12,0
Chris Porter,1,1,1,0
Chris Quinn,6,6,3,3
Chris Richard,2,2,2,0
Chris Robinson,4,4,4,0
Chris Singleton,3,3,3,0
Chris Smith,4,4,1,3
Chris Taft,1,1,1,0
Chris Webber,22,22,22,0
Chris Welp,3,3,0,3
Chris Whitney,13,13,12,1
Chris Wilcox,15,15,12,3
Chris Wright,3,3,1,2
Christian Eyenga,4,4,4,0
Christian Laettner,18,18,16,2
Christian Wood,2,2,2,0
Chuck Hayes,13,13,11,2
Chuck Nevitt,3,3,1,2
Chuck Person,11,11,9,2
Chucky Atkins,18,18,17,1
Chucky Brown,21,21,11,10
Clarence Weatherspoon,17,17,10,7
Cleanthony Early,2,2,2,0
Cliff Alexander,1,1,1,0
Cliff Levingston,4,4,3,1
Cliff Robinson,1,1,0,1
Clifford Lett,2,2,0,2
Clifford Robinson,20,20,18,2
Clifford Rozier,7,7,7,0
Clint Capela,3,3,3,0
Clint McDaniel,1,1,1,0
Clinton Smith,1,1,0,1
Clyde Drexler,11,11,9,2
Coby Karl,7,7,7,0
Cody Zeller,4,4,2,2
Cole Aldrich,9,9,8,1
Corey Beck,5,5,4,1
Corey Benjamin,4,4,2,2
Corey Brewer,16,16,16,0
Corey Crowder,2,2,2,0
Corey Gaines,4,4,0,4
Corey Maggette,14,14,9,5
Corey Williams,2,2,1,1
Corie Blount,20,20,18,2
Corliss Williamson,16,16,16,0
Corsley Edwards,1,1,1,0
Cory Alexander,9,9,7,2
Cory Carr,1,1,1,0
Cory Higgins,2,2,0,2
Cory Jefferson,2,2,2,0
Cory Joseph,6,6,6,0
Coty Clarke,1,1,1,0
Courtney Alexander,5,5,5,0
Courtney Fortson,3,3,3,0
Courtney Lee,13,13,12,1
Courtney Sims,4,4,4,0
Craig Brackins,2,2,2,0
Craig Ehlo,8,8,7,1
Craig Hodges,3,3,2,1
Craig Neal,1,1,0,1
Craig Smith,6,6,6,0
Cristiano Felicio,2,2,2,0
Cuonzo Martin,2,2,0,2
Curtis Borchardt,2,2,2,0
Cuttino Mobley,13,13,12,1
D'Angelo Russell,2,2,2,0
D.J. Augustin,15,15,11,4
D.J. Kennedy,1,1,0,1
D.J. Stephens,1,1,0,1
D.J. Strawberry,1,1,1,0
D.J. White,8,8,2,6
DaJuan Summers,4,4,2,2
Daequan Cook,8,8,7,1
Dahntay Jones,15,15,14,1
Dajuan Wagner,4,4,4,0
Dale Davis,18,18,14,4
Dale Ellis,15,15,11,4
Dalibor Bagaric,3,3,3,0
Damian Jones,1,1,1,0
Damian Lillard,5,5,5,0
Damien Inglis,1,1,1,0
Damien Wilkins,9,9,9,0
Damion James,4,4,3,1
Damir Markota,1,1,1,0
Damjan Rudez,3,3,3,0
Damon Jones,18,18,18,0
Damon Stoudamire,20,20,18,2
Damone Brown,4,4,2,2
Dan Dickau,11,11,11,0
Dan Gadzuric,12,12,11,1
Dan Godfread,2,2,1,1
Dan Langhi,9,9,9,0
Dan Majerle,13,13,10,3
Dan McClintock,1,1,0,1
Dan O'Sullivan,6,6,3,3
Dana Barros,14,14,12,2
Daniel Ewing,2,2,2,0
Daniel Gibson,7,7,7,0
Daniel Ochefu,1,1,1,0
Daniel Orton,3,3,2,1
Daniel Santiago,4,4,4,0
Danilo Gallinari,10,10,10,0
Danny Ainge,6,6,5,1
Danny Ferry,13,13,12,1
Danny Fortson,10,10,9,1
Danny Granger,12,12,11,1
Danny Green,8,8,8,0
Danny Manning,17,17,16,1
Danny Schayes,12,12,10,2
Danny Young,7,7,5,2
Dante Cunningham,10,10,7,3
Dante Exum,2,2,2,0
Danuel House,1,1,1,0
Darington Hobson,1,1,1,0
Dario Saric,1,1,1,0
Darius Johnson-Odom,2,2,1,1
Darius Miles,10,10,10,0
Darius Miller,3,3,3,0
Darius Morris,7,7,7,0
Darius Songaila,8,8,8,0
Darius Washington,1,1,1,0
Darko Milicic,14,14,14,0
Darnell Jackson,5,5,5,0
Darnell Mee,2,2,2,0
Darnell Valentine,1,1,1,0
Darrell Armstrong,16,16,13,3
Darrell Arthur,8,8,8,0
Darrell Griffith,2,2,1,1
Darrell Walker,6,6,4,2
Darren Collison,8,8,8,0
Darren Morningstar,3,3,3,0
Darrick Martin,15,15,11,4
Darrin Hancock,6,6,6,0
Darrun Hilliard,2,2,2,0
Darryl Johnson,1,1,0,1
Darryl Watkins,2,2,0,2
Darvin Ham,10,10,10,0
Dave Corzine,2,2,1,1
Dave Feitl,2,2,2,0
Dave Greenwood,2,2,1,1
Dave Hoppen,6,6,4,2
Dave Jamerson,5,5,5,0
Dave Johnson,2,2,2,0
Dave Popson,2,2,1,1
David Andersen,4,4,4,0
David Benoit,9,9,9,0
David Harrison,4,4,3,1
David Lee,17,17,16,1
David Noel,1,1,1,0
David Nwaba,1,1,1,0
David Rivers,2,2,0,2
David Robinson,14,14,11,3
David Stockton,1,1,1,0
David Vanterpool,1,1,0,1
David Vaughn,7,7,7,0
David Wear,1,1,1,0
David Wesley,16,16,15,1
David West,14,14,14,0
David Wingate,12,12,10,2
David Wood,9,9,9,0
Davis Bertans,1,1,1,0
DeAndre Jordan,9,9,9,0
DeAndre Liggins,6,6,5,1
DeAndre' Bembry,1,1,1,0
DeJuan Blair,7,7,7,0
DeJuan Wheat,3,3,3,0
DeMar DeRozan,8,8,8,0
DeMarco Johnson,1,1,0,1
DeMarcus Cousins,9,9,9,0
DeMarcus Nelson,1,1,0,1
DeMarre Carroll,15,15,14,1
DeQuan Jones,1,1,1,0
DeSagana Diop,16,16,8,8
DeShawn Stevenson,17,17,17,0
Dean Garrett,8,8,7,1
Dean Oliver,2,2,2,0
Dedric Willoughby,1,1,0,1
Dee Brown,21,21,18,3
Dejounte Murray,1,1,1,0
Delaney Rudd,4,4,2,2
Dell Curry,13,13,11,2
Dell Demps,3,3,1,2
Delon Wright,2,2,2,0
Delonte West,10,10,9,1
Demetris Nichols,6,6,6,0
Demetrius Calip,1,1,0,1
Demetrius Jackson,1,1,1,0
Deng Gai,1,1,1,0
Dennis Hopson,5,5,4,1
Dennis Horner,1,1,1,0
Dennis Johnson,1,1,0,1
Dennis Rodman,11,11,8,3
Dennis Schroder,4,4,3,1
Dennis Scott,17,17,13,4
Denzel Valentine,1,1,1,0
DerMarr Johnson,7,7,4,3
Derek Anderson,16,16,14,2
Derek Fisher,26,26,25,1
Derek Grimm,1,1,1,0
Derek Harper,12,12,11,1
Derek Hood,1,1,0,1
Derek Smith,2,2,1,1
Derek Strong,10,10,8,2
Deron Williams,23,23,22,1
Derrick Alston,3,3,2,1
Derrick Brown,5,5,0,5
Derrick Byars,1,1,0,1
Derrick Caracter,1,1,1,0
Derrick Chievous,4,4,1,3
Derrick Coleman,16,16,12,4
Derrick Dial,6,6,5,1
Derrick Favors,9,9,9,0
Derrick Gervin,2,2,1,1
Derrick Jones,1,1,1,0
Derrick McKey,13,13,8,5
Derrick Phelps,1,1,0,1
Derrick Rose,8,8,7,1
Derrick Williams,13,13,13,0
Derrick Zimmerman,1,1,0,1
Desmon Farmer,2,2,2,0
Desmond Ferguson,1,1,0,1
Desmond Mason,12,12,12,0
Desmond Penigar,1,1,0,1
Detlef Schrempf,12,12,10,2
Devean George,11,11,10,1
Devin Booker,2,2,2,0
Devin Brown,13,13,12,1
Devin Ebanks,3,3,3,0
Devin Gray,4,4,4,0
Devin Green,1,1,1,0
Devin Harris,17,17,16,1
Devyn Marble,2,2,2,0
Dewayne Dedmon,7,7,3,4
Dexter Boney,1,1,0,1
Dexter Cambridge,1,1,1,0
Dexter Pittman,6,6,4,2
Dexter Shouse,1,1,0,1
Deyonta Davis,1,1,1,0
Diamond Stone,1,1,1,0
Diante Garrett,2,2,1,1
Dickey Simpkins,9,9,6,3
Didier Ilunga-Mbenga,16,16,15,1
Dijon Thompson,2,2,1,1
Dikembe Mutombo,22,22,21,1
Dino Radja,4,4,4,0
Dion Glover,8,8,7,1
Dion Waiters,7,7,7,0
Dionte Christmas,1,1,0,1
Dirk Nowitzki,19,19,17,2
Doc Rivers,12,12,11,1
Domantas Sabonis,1,1,1,0
Dominic McGuire,19,19,18,1
Dominique Jones,3,3,3,0
Dominique Wilkins,10,10,9,1
Don MacLean,10,10,10,0
Don Reid,10,10,9,1
Donald Hodge,7,7,7,0
Donald Royal,13,13,8,5
Donald Sloan,17,17,17,0
Donald Whiteside,2,2,2,0
Donatas Motiejunas,5,5,4,1
Donell Taylor,2,2,2,0
Donnell Harvey,9,9,8,1
Donnie Boyce,2,2,2,0
Donny Marshall,5,5,2,3
Donta Smith,2,2,2,0
Dontae' Jones,1,1,1,0
Donte Greene,4,4,4,0
Dontell Jefferson,1,1,0,1
Dontonio Wingfield,4,4,4,0
Donyell Marshall,23,23,20,3
Dorell Wright,11,11,9,2
Dorian Finney-Smith,1,1,1,0
Doron Lamb,4,4,4,0
Doug Christie,20,20,18,2
Doug Edwards,3,3,3,0
Doug Lee,3,3,3,0
Doug McDermott,5,5,4,1
Doug Overton,20,20,19,1
Doug Roth,1,1,0,1
Doug Smith,5,5,5,0
Doug West,12,12,8,4
Dragan Bender,1,1,1,0
Dragan Tarlac,1,1,1,0
Draymond Green,5,5,5,0
Drazen Petrovic,6,6,5,1
Drew Barry,5,5,4,1
Drew Gooden,24,24,23,1
Drew Gordon,1,1,1,0
Duane Causwell,11,11,9,2
Duane Cooper,2,2,2,0
Duane Ferrell,10,10,8,2
Duane Washington,1,1,0,1
Duje Dukan,1,1,1,0
Dwayne Jones,5,5,3,2
Dwayne Morton,1,1,1,0
Dwayne Schintzius,8,8,7,1
Dwayne Whitfield,1,1,0,1
Dwight Buycks,2,2,1,1
Dwight Howard,13,13,13,0
Dwight Powell,5,5,5,0
Dwyane Wade,14,14,11,3
Dyron Nix,1,1,0,1
E'Twaun Moore,6,6,5,1
Earl Barron,13,13,7,6
Earl Boykins,20,20,14,6
Earl Clark,10,10,10,0
Earl Cureton,3,3,1,2
Earl Watson,16,16,16,0
Ed Davis,9,9,9,0
Ed Gray,2,2,2,0
Ed Horton,1,1,0,1
Ed Nealy,6,6,5,1
Ed O'Bannon,4,4,4,0
Ed Pinckney,10,10,9,1
Ed Stokes,1,1,1,0
Eddie Basden,1,1,1,0
Eddie Gill,9,9,6,3
Eddie Griffin,5,5,4,1
Eddie House,16,16,12,4
Eddie Hughes,1,1,0,1
Eddie Johnson,13,13,11,2
Eddie Jones,18,18,17,1
Eddie Lee,3,3,0,3
Eddie Robinson,5,5,4,1
Eddy Curry,11,11,9,2
Eduardo Najera,16,16,12,4
Edwin Ubiles,1,1,0,1
Edy Tavares,6,6,6,0
Efthimi Rentzias,1,1,0,1
Ekpe Udoh,7,7,7,0
Elden Campbell,21,21,20,1
Eldridge Recasner,10,10,7,3
Elfrid Payton,3,3,3,0
Elias Harris,1,1,0,1
Elijah Millsap,3,3,3,0
Elliot Perry,19,19,18,1
Elliot Williams,10,10,9,1
Elmer Bennett,5,5,0,5
Elmore Spencer,7,7,3,4
Elton Brand,18,18,16,2
Emanual Davis,6,6,5,1
Emeka Okafor,9,9,4,5
Emmanuel Mudiay,2,2,2,0
Enes Kanter,8,8,8,0
Ennis Whatley,4,4,2,2
Eric Anderson,2,2,2,0
Eric Bledsoe,7,7,7,0
Eric Dawson,1,1,1,0
Eric Gordon,9,9,9,0
Eric Johnson,1,1,0,1
Eric Leckner,11,11,9,2
Eric Maynor,11,11,11,0
Eric Mobley,5,5,5,0
Eric Montross,14,14,14,0
Eric Moreland,2,2,2,0
Eric Murdock,11,11,9,2
Eric Piatkowski,14,14,13,1
Eric Riley,5,5,4,1
Eric Snow,15,15,12,3
Eric Washington,2,2,2,0
Eric Williams,18,18,15,3
Erick Barkley,2,2,2,0
Erick Dampier,16,16,14,2
Erick Green,7,7,7,0
Erick Strickland,11,11,7,4
Erik Daniels,1,1,1,0
Erik Murphy,1,1,0,1
Ernest Brown,1,1,1,0
Ersan Ilyasova,14,14,14,0
Ervin Johnson,13,13,13,0
Esteban Batista,2,2,2,0
Etan Thomas,9,9,9,0
Etdrick Bohannon,6,6,1,5
Eugene Jeter,1,1,1,0
Evan Eschmeyer,4,4,4,0
Evan Fournier,5,5,5,0
Evan Turner,9,9,9,0
Everette Stephens,1,1,0,1
Evers Burns,1,1,1,0
Evric Gray,1,1,0,1
Fab Melo,1,1,0,1
Fabricio Oberto,7,7,6,1
Fat Lever,4,4,3,1
Felipe Lopez,6,6,5,1
Felton Spencer,14,14,12,2
Festus Ezeli,3,3,3,0
Francisco Elson,13,13,12,1
Francisco Garcia,12,12,8,4
Frank Brickowski,9,9,8,1
Frank Johnson,2,2,2,0
Frank Kaminsky,2,2,2,0
Frank Kornet,2,2,1,1
Frank Williams,3,3,2,1
Frankie King,2,2,1,1
Fred Hoiberg,10,10,7,3
Fred Jones,9,9,9,0
Fred Roberts,7,7,5,2
Fred VanVleet,1,1,1,0
Fred Vinson,2,2,2,0
Furkan Aldemir,1,1,1,0
Gabe Pruitt,2,2,1,1
Gal Mekel,3,3,2,1
Gani Lawal,1,1,0,1
Garret Siler,1,1,0,1
Garrett Temple,17,17,13,4
Garth Joseph,3,3,3,0
Gary Alexander,3,3,0,3
Gary Forbes,2,2,2,0
Gary Grant,13,13,10,3
Gary Harris,3,3,3,0
Gary Leonard,3,3,2,1
Gary Neal,11,11,11,0
Gary Payton,21,21,20,1
Gary Plummer,1,1,1,0
Gary Trent,11,11,11,0
Gary Voce,1,1,0,1
Gaylon Nickerson,3,3,3,0
Geert Hammink,5,5,0,5
Geno Carlisle,1,1,1,0
George Hill,9,9,9,0
George Lynch,12,12,11,1
George McCloud,14,14,12,2
George Zidek,7,7,4,3
Georges Niang,1,1,1,0
Georgios Papagiannis,1,1,1,0
Gerald Brown,1,1,1,0
Gerald Fitch,1,1,1,0
Gerald Glass,8,8,8,0
Gerald Green,13,13,9,4
Gerald Henderson,15,15,3,12
Gerald Madkins,3,3,2,1
Gerald Paddio,6,6,2,4
Gerald Wallace,18,18,12,6
Gerald Wilkins,9,9,8,1
Gerard King,3,3,2,1
Gheorghe Muresan,6,6,6,0
Giannis Antetokounmpo,4,4,4,0
Gilbert Arenas,13,13,13,0
Glen Davis,11,11,10,1
Glen Rice,17,17,12,5
Glenn Robinson,16,16,15,1
God Shammgod,1,1,1,0
Goran Dragic,13,13,13,0
Gordan Giricek,13,13,8,5
Gordon Hayward,7,7,7,0
Gorgui Dieng,4,4,4,0
Grant Hill,18,18,16,2
Grant Jerrett,3,3,3,0
Grant Long,16,16,14,2
Greg Anderson,12,12,11,1
Greg Anthony,13,13,11,2
Greg Buckner,11,11,9,2
Greg Butler,2,2,0,2
Greg Dreiling,7,7,6,1
Greg Foster,17,17,14,3
Greg Graham,7,7,7,0
Greg Grant,11,11,2,9
Greg Kite,8,8,4,4
Greg Minor,5,5,5,0
Greg Monroe,7,7,5,2
Greg Oden,3,3,3,0
Greg Ostertag,11,11,10,1
Greg Smith,5,5,4,1
Greg Stiemsma,4,4,4,0
Greg Stokes,1,1,0,1
Greg Sutton,5,5,5,0
Greivis Vasquez,9,9,9,0
Guillermo Diaz,1,1,1,0
Gundars Vetra,1,1,0,1
Gustavo Ayon,5,5,5,0
Guy Rucker,1,1,1,0
Ha Seung-Jin,2,2,1,1
Hakeem Olajuwon,13,13,10,3
Hakim Warrick,12,12,11,1
Hamady N'Diaye,3,3,2,1
Hamed Haddadi,7,7,7,0
Hanno Mottola,2,2,2,0
Harold Ellis,3,3,1,2
Harold Jamison,2,2,1,1
Harold Miner,4,4,4,0
Harold Pressley,1,1,0,1
Harrison Barnes,5,5,5,0
Harvey Grant,10,10,9,1
Hasheem Thabeet,9,9,9,0
Hassan Adams,2,2,2,0
Hassan Whiteside,5,5,5,0
Haywoode Workman,10,10,8,2
Hedo Turkoglu,17,17,17,0
Henry Ellenson,1,1,1,0
Henry James,9,9,8,1
Henry Sims,6,6,2,4
Henry Turner,2,2,1,1
Henry Walker,7,7,1,6
Herb Williams,12,12,11,1
Hersey Hawkins,13,13,11,2
Hilton Armstrong,11,11,10,1
Hiram Fuller,1,1,0,1
Hollis Thompson,9,9,8,1
Horace Grant,15,15,13,2
Horace Jenkins,1,1,1,0
Horacio Llamas,2,2,0,2
Hot Rod,10,10,0,10
Howard Eisley,19,19,14,5
Howard Nathan,1,1,0,1
Howard Wright,5,5,1,4
Hubert Davis,16,16,15,1
Ian Clark,6,6,5,1
Ian Lockhart,1,1,1,0
Ian Mahinmi,9,9,8,1
Ibo Kutluay,1,1,1,0
Igor Rakocevic,1,1,1,0
Ike Diogu,10,10,7,3
Iman Shumpert,8,8,8,0
Ime Udoka,7,7,5,2
Ira Bowman,3,3,2,1
Ira Newble,11,11,9,2
Irving Thomas,1,1,1,0
Isaac Austin,11,11,8,3
Isaac Fontaine,1,1,0,1
Isaiah Canaan,6,6,5,1
Isaiah Morris,1,1,1,0
Isaiah Rider,9,9,7,2
Isaiah Taylor,1,1,1,0
Isaiah Thomas,8,8,8,0
Isaiah Whitehead,1,1,1,0
Ish Smith,20,20,10,10
Isiah Thomas,5,5,3,2
Ivan Johnson,2,2,2,0
Ivan McFarlin,1,1,0,1
Ivano Newbill,3,3,3,0
Ivica Zubac,1,1,1,0
J.J. Barea,11,11,2,9
J.J. Hickson,15,15,15,0
J.J. O'Brien,1,1,1,0
J.J. Redick,13,13,13,0
J.R. Bremer,4,4,4,0
J.R. Giddens,4,4,4,0
J.R. Henderson,1,1,1,0
J.R. Reid,17,17,16,1
J.R. Smith,15,15,14,1
JaJuan Johnson,1,1,1,0
JaKarr Sampson,7,7,7,0
JaMychal Green,5,5,5,0
JaVale McGee,14,14,14,0
Jabari Brown,1,1,1,0
Jabari Parker,3,3,3,0
Jabari Smith,6,6,6,0
Jack Cooley,1,1,1,0
Jack Haley,10,10,6,4
Jack Sikma,2,2,1,1
Jackie Butler,3,3,2,1
Jackson Vroman,4,4,4,0
Jacque Vaughn,12,12,11,1
Jae Crowder,7,7,7,0
Jahidi White,9,9,7,2
Jahlil Okafor,2,2,2,0
Jake Layman,1,1,1,0
Jake Tsakalidis,9,9,9,0
Jake Voskuhl,9,9,7,2
Jakob Poeltl,1,1,1,0
Jalen Rose,19,19,16,3
Jamaal Franklin,3,3,2,1
Jamaal Magloire,14,14,12,2
Jamaal Tinsley,12,12,8,4
Jamal Crawford,19,19,15,4
Jamal Mashburn,13,13,11,2
Jamal Murray,1,1,1,0
Jamal Robinson,1,1,1,0
Jamal Sampson,5,5,3,2
Jamario Moon,9,9,5,4
Jameer Nelson,16,16,16,0
Jamel Thomas,7,7,6,1
James Anderson,7,7,7,0
James Augustine,2,2,2,0
James Blackwell,3,3,0,3
James Collins,1,1,1,0
James Cotton,2,2,1,1
James Donaldson,7,7,4,3
James Edwards,8,8,7,1
James Ennis,10,10,10,0
James Harden,8,8,7,1
James Johnson,10,10,9,1
James Jones,14,14,10,4
James Lang,1,1,1,0
James Michael,3,3,0,3
James Nunnally,3,3,0,3
James Posey,14,14,9,5
James Robinson,12,12,11,1
James Scott,1,1,1,0
James Singleton,7,7,6,1
James Southerland,3,3,0,3
James Thomas,6,6,3,3
James White,3,3,2,1
James Worthy,5,5,4,1
James Young,3,3,3,0
JamesOn Curry,1,1,1,0
Jamie Feick,9,9,6,3
Jamie Watson,6,6,5,1
Jamison Brewer,4,4,4,0
Jan Vesely,5,5,5,0
Jannero Pargo,21,21,18,3
Jared Cunningham,11,11,10,1
Jared Dudley,12,12,10,2
Jared Jeffries,15,15,14,1
Jared Reiner,2,2,1,1
Jared Sullinger,5,5,4,1
Jarell Eddie,3,3,3,0
Jarell Martin,2,2,2,0
Jaren Jackson,12,12,6,6
Jarnell Stokes,5,5,5,0
Jarrett Jack,16,16,16,0
Jarrod Uthoff,2,2,2,0
Jarron Collins,12,12,11,1
Jarvis Hayes,7,7,7,0
Jarvis Varnado,6,6,6,0
Jason Caffey,10,10,10,0
Jason Collier,5,5,3,2
Jason Collins,17,17,16,1
Jason Hart,21,21,20,1
Jason Kapono,9,9,7,2
Jason Kidd,23,23,22,1
Jason Lawson,1,1,1,0
Jason Maxiell,10,10,7,3
Jason Miskiri,1,1,0,1
Jason Richardson,17,17,16,1
Jason Sasser,4,4,0,4
Jason Smith,9,9,8,1
Jason Terry,18,18,16,2
Jason Thompson,13,13,13,0
Jason Williams,17,17,16,1
Javaris Crittenton,6,6,6,0
Jawad Williams,3,3,3,0
Jawann Oldham,4,4,0,4
Jay Edwards,1,1,0,1
Jay Guidinger,2,2,2,0
Jay Humphries,8,8,7,1
Jay Taylor,1,1,0,1
Jay Vincent,3,3,0,3
Jay Williams,1,1,1,0
Jaylen Brown,1,1,1,0
Jayson Williams,9,9,8,1
Jeff Adrien,7,7,3,4
Jeff Ayres,6,6,3,3
Jeff Foote,1,1,1,0
Jeff Foster,13,13,11,2
Jeff Grayer,10,10,4,6
Jeff Green,15,15,14,1
Jeff Hornacek,13,13,11,2
Jeff Lebo,1,1,0,1
Jeff Malone,11,11,10,1
Jeff Martin,2,2,1,1
Jeff McInnis,13,13,9,4
Jeff Nordgaard,1,1,1,0
Jeff Ruland,2,2,0,2
Jeff Sanders,4,4,2,2
Jeff Teague,8,8,8,0
Jeff Trepagnier,3,3,2,1
Jeff Turner,7,7,4,3
Jeff Webster,1,1,0,1
Jeff Withey,4,4,3,1
Jeffery Taylor,3,3,0,3
Jeffrey Sheppard,1,1,1,0
Jelani McCoy,8,8,8,0
Jerald Honeycutt,4,4,4,0
Jerami Grant,5,5,5,0
Jerel McNeal,1,1,1,0
Jeremy Evans,6,6,6,0
Jeremy Lamb,5,5,5,0
Jeremy Lin,7,7,6,1
Jeremy Pargo,7,7,7,0
Jeremy Richardson,19,19,19,0
Jeremy Tyler,6,6,6,0
Jerian Grant,2,2,2,0
Jermaine Jackson,8,8,6,2
Jermaine O'Neal,20,20,14,6
Jermaine Taylor,4,4,4,0
Jermareo Davidson,2,2,0,2
Jerome Allen,4,4,4,0
Jerome Beasley,1,1,1,0
Jerome Dyson,1,1,0,1
Jerome Harmon,1,1,0,1
Jerome James,9,9,8,1
Jerome Jordan,2,2,2,0
Jerome Kersey,12,12,10,2
Jerome Lane,7,7,6,1
Jerome Moiso,8,8,8,0
Jerome Williams,13,13,13,0
Jerrelle Benimon,2,2,2,0
Jerrod Mustaf,4,4,4,0
Jerry Reynolds,4,4,2,2
Jerry Sichting,3,3,0,3
Jerry Smith,1,1,0,1
Jerry Stackhouse,21,21,19,2
Jerryd Bayless,13,13,13,0
Jeryl Sasser,2,2,2,0
Jim Farmer,5,5,0,5
Jim Grandholm,1,1,1,0
Jim Jackson,24,24,19,5
Jim Les,8,8,5,3
Jim McIlvaine,7,7,7,0
Jim Paxson,1,1,0,1
Jim Petersen,3,3,2,1
Jim Rowinski,1,1,0,1
Jim Thomas,1,1,0,1
Jimmer Fredette,15,15,15,0
Jimmy Butler,6,6,5,1
Jimmy Carruth,1,1,0,1
Jimmy King,2,2,2,0
Jimmy Oliver,5,5,2,3
Jiri Welsch,6,6,6,0
Jo Jo,3,3,0,3
Joakim Noah,10,10,9,1
Joao Vianna,1,1,0,1
Jodie Meeks,10,10,10,0
Joe Alexander,2,2,2,0
Joe Barry,4,4,0,4
Joe Courtney,10,10,4,6
Joe Crawford,1,1,0,1
Joe Crispin,3,3,3,0
Joe Dumars,10,10,7,3
Joe Harris,3,3,3,0
Joe Ingles,3,3,3,0
Joe Johnson,23,23,23,0
Joe Kleine,14,14,12,2
Joe Smith,26,26,26,0
Joe Stephens,3,3,1,2
Joe Wolf,13,13,12,1
Joe Young,2,2,1,1
Joel Anthony,12,12,10,2
Joel Bolomboy,1,1,1,0
Joel Embiid,1,1,1,0
Joel Freeland,3,3,3,0
Joel Przybilla,17,17,14,3
Joey Dorsey,6,6,6,0
Joey Graham,6,6,6,0
Joffrey Lauvergne,5,5,5,0
Johan Petro,10,10,10,0
John Amaechi,5,5,4,1
John Bagley,4,4,3,1
John Battle,6,6,5,1
John Celestand,1,1,1,0
John Coker,3,3,2,1
John Crotty,13,13,12,1
John Edwards,2,2,2,0
John Henson,5,5,5,0
John Jenkins,7,7,7,0
John Long,3,3,2,1
John Lucas,9,9,7,2
John Morton,5,5,4,1
John Paxson,5,5,4,1
John Salley,10,10,8,2
John Salmons,20,20,17,3
John Shasky,2,2,1,1
John Starks,14,14,11,3
John Stockton,14,14,12,2
John Thomas,14,14,12,2
John Turner,1,1,1,0
John Wall,7,7,7,0
John Wallace,7,7,5,2
John Williams,5,5,3,2
Johnny Dawkins,7,7,6,1
Johnny Moore,1,1,0,1
Johnny Newman,16,16,15,1
Johnny O'Bryant,8,8,8,0
Johnny Taylor,5,5,2,3
Jon Barry,16,16,16,0
Jon Brockman,3,3,3,0
Jon Koncak,7,7,6,1
Jon Leuer,8,8,7,1
Jon Sundvold,3,3,2,1
Jonas Jerebko,9,9,8,1
Jonas Valanciunas,5,5,5,0
Jonathan Bender,8,8,7,1
Jonathan Gibson,1,1,1,0
Jonathan Kerner,1,1,1,0
Jonathon Simmons,2,2,2,0
Jonny Flynn,5,5,5,0
Jordan Adams,2,2,2,0
Jordan Clarkson,3,3,3,0
Jordan Crawford,11,11,8,3
Jordan Farmar,11,11,11,0
Jordan Hamilton,7,7,7,0
Jordan Hill,12,12,12,0
Jordan McRae,7,7,7,0
Jordan Mickey,2,2,2,0
Jordan Williams,1,1,1,0
Jorge Garbajosa,2,2,2,0
Jorge Gutierrez,5,5,4,1
Jose Calderon,19,19,16,3
Jose Ortiz,1,1,0,1
Joseph Forte,2,2,2,0
Josh Akognon,1,1,0,1
Josh Boone,4,4,4,0
Josh Childress,9,9,7,2
Josh Davis,11,11,10,1
Josh Grant,1,1,1,0
Josh Harrellson,3,3,3,0
Josh Howard,12,12,10,2
Josh Huestis,2,2,2,0
Josh McRoberts,12,12,8,4
Josh Powell,9,9,8,1
Josh Richardson,2,2,2,0
Josh Selby,2,2,2,0
Josh Smith,22,22,22,0
Jrue Holiday,8,8,8,0
Juan Carlos,1,1,0,1
Juan Dixon,11,11,11,0
Juan Hernangomez,1,1,1,0
Juaquin Hawkins,1,1,0,1
Jud Buechler,17,17,12,5
Julian Wright,4,4,4,0
Julius Hodge,4,4,4,0
Julius Nwosu,1,1,1,0
Julius Randle,3,3,3,0
Julyan Stone,3,3,2,1
Jumaine Jones,8,8,6,2
Junior Burrough,1,1,1,0
Junior Harrington,3,3,3,0
Justin Anderson,4,4,4,0
Justin Dentmon,4,4,0,4
Justin Hamilton,7,7,4,3
Justin Harper,3,3,3,0
Justin Holiday,6,6,5,1
Justin Reed,5,5,5,0
Justin Williams,4,4,1,3
Justise Winslow,2,2,2,0
Jusuf Nurkic,5,5,5,0
Juwan Howard,29,29,27,2
K.J. McDaniels,7,7,7,0
Kalin Lucas,1,1,0,1
Kaniel Dickens,3,3,3,0
Kareem Rush,9,9,5,4
Karl Malone,15,15,13,2
Karl-Anthony Towns,2,2,2,0
Kasib Powell,1,1,0,1
Kawhi Leonard,6,6,6,0
Kay Felder,1,1,1,0
Kebu Stewart,1,1,1,0
Kedrick Brown,6,6,6,0
Keith Appling,1,1,1,0
Keith Askins,9,9,8,1
Keith Benson,1,1,0,1
Keith Bogans,15,15,11,4
Keith Booth,2,2,2,0
Keith Closs,3,3,3,0
Keith Jennings,3,3,3,0
Keith Langford,1,1,1,0
Keith McLeod,6,6,3,3
Keith Owens,1,1,1,0
Keith Tower,4,4,1,3
Keith Van,13,13,0,13
Kelenna Azubuike,6,6,4,2
Kelly McCarty,1,1,1,0
Kelly Olynyk,4,4,4,0
Kelly Oubre,2,2,2,0
Kelly Tripucka,2,2,1,1
Kelvin Cato,12,12,9,3
Kelvin Upshaw,5,5,1,4
Kemba Walker,6,6,2,4
Ken Bannister,3,3,2,1
Ken Johnson,1,1,1,0
Ken Norman,9,9,8,1
Kendall Gill,17,17,17,0
Kendall Marshall,4,4,4,0
Kendrick Perkins,20,20,18,2
Kennard Winchester,5,5,4,1
Kenneth Faried,6,6,6,0
Kenny Anderson,22,22,21,1
Kenny Battle,8,8,4,4
Kenny Gattison,7,7,6,1
Kenny Payne,4,4,3,1
Kenny Satterfield,4,4,1,3
Kenny Smith,13,13,9,4
Kenny Thomas,15,15,10,5
Kenny Walker,4,4,3,1
Kenny Williams,4,4,4,0
Kent Bazemore,7,7,7,0
Kentavious Caldwell-Pope,4,4,4,0
Kenyon Martin,15,15,13,2
Keon Clark,8,8,8,0
Kerry Kittles,8,8,8,0
Kevin Brooks,3,3,3,0
Kevin Burleson,1,1,0,1
Kevin Duckworth,8,8,7,1
Kevin Durant,10,10,10,0
Kevin Edwards,12,12,10,2
Kevin Gamble,10,10,9,1
Kevin Garnett,23,23,20,3
Kevin Johnson,10,10,8,2
Kevin Jones,1,1,1,0
Kevin Love,9,9,9,0
Kevin Lynch,2,2,1,1
Kevin Martin,19,19,18,1
Kevin McHale,4,4,3,1
Kevin Murphy,1,1,1,0
Kevin Ollie,24,24,17,7
Kevin Pritchard,7,7,3,4
Kevin Salvadori,2,2,2,0
Kevin Seraphin,7,7,7,0
Kevin Thompson,1,1,1,0
Kevin Willis,23,23,19,4
Kevinn Pinkney,1,1,0,1
Kevon Looney,2,2,2,0
Keyon Dooling,13,13,11,2
Khalid El-Amin,1,1,1,0
Khalid Reeves,11,11,9,2
Khris Middleton,5,5,4,1
Kiki Vandeweghe,4,4,3,1
Kim English,1,1,0,1
Kirk Haston,2,2,2,0
Kirk Hinrich,17,17,15,2
Kirk Penney,2,2,1,1
Kirk Snyder,6,6,6,0
Kiwane Garris,2,2,0,2
Klay Thompson,6,6,6,0
Kobe Bryant,20,20,20,0
Korleone Young,1,1,1,0
Kornel David,7,7,7,0
Kosta Koufos,11,11,11,0
Kosta Perovic,1,1,1,0
Kostas Papanikolaou,2,2,2,0
Kris Dunn,1,1,1,0
Kris Humphries,22,22,22,0
Kris Joseph,3,3,0,3
Kristaps Porzingis,2,2,2,0
Kurk Lee,1,1,1,0
Kurt Nimphius,1,1,0,1
Kurt Rambis,11,11,7,4
Kurt Thomas,20,20,14,6
Kwame Brown,14,14,13,1
Kyle Anderson,3,3,3,0
Kyle Korver,18,18,17,1
Kyle Lowry,13,13,13,0
Kyle O'Quinn,5,5,5,0
Kyle Singler,7,7,6,1
Kyle Weaver,3,3,2,1
Kyle Wiltjer,1,1,0,1
Kyrie Irving,6,6,6,0
Kyrylo Fesenko,5,5,4,1
LaBradford Smith,5,5,5,0
LaMarcus Aldridge,11,11,11,0
LaMark Baker,1,1,0,1
LaPhonso Ellis,11,11,11,0
LaSalle Thompson,10,10,7,3
Lamar Odom,14,14,14,0
Lamar Patterson,3,3,3,0
Lamond Murray,12,12,12,0
Lamont Strothers,2,2,1,1
Lanard Copeland,2,2,1,1
Lance Allred,1,1,0,1
Lance Blanks,3,3,1,2
Lance Stephenson,20,20,19,1
Lance Thomas,8,8,8,0
Landry Fields,5,5,5,0
Langston Galloway,5,5,5,0
Lari Ketner,4,4,1,3
Laron Profit,4,4,4,0
Larry Bird,3,3,2,1
Larry Drew,3,3,2,1
Larry Hughes,21,21,21,0
Larry Johnson,10,10,8,2
Larry Krystkowiak,6,6,3,3
Larry Nance,7,7,4,3
Larry Owens,4,4,4,0
Larry Robinson,11,11,4,7
Larry Sanders,7,7,7,0
Larry Smith,4,4,3,1
Larry Stewart,5,5,5,0
Larry Sykes,1,1,0,1
Latrell Sprewell,13,13,11,2
Lavor Postell,3,3,2,1
Lavoy Allen,8,8,8,0
Lawrence Funderburke,7,7,4,3
Lawrence Moten,3,3,2,1
Lawrence Roberts,2,2,2,0
Lazar Hayward,3,3,3,0
Lazaro Borrell,1,1,1,0
LeBron James,14,14,13,1
LeRon Ellis,3,3,3,0
Leandro Barbosa,16,16,14,2
Ledell Eackles,6,6,3,3
Lee Mayberry,7,7,7,0
Lee Nailon,9,9,5,4
Leon Powe,7,7,5,2
Leon Smith,2,2,1,1
Leon Wood,2,2,0,2
Leonard Taylor,1,1,0,1
Les Jepsen,2,2,2,0
Lester Conner,8,8,6,2
Lester Hudson,11,11,8,3
Lewis Lloyd,3,3,0,3
Linas Kleiza,7,7,6,1
Lindsey Hunter,17,17,16,1
Linton Johnson,12,12,8,4
Lionel Chalmers,1,1,1,0
Lionel Simmons,7,7,7,0
Litterial Green,5,5,3,2
Lloyd Daniels,12,12,11,1
Logan Vander,1,1,0,1
Lonny Baxter,9,9,9,0
Loren Meyer,5,5,5,0
Loren Woods,6,6,5,1
Lorenzen Wright,15,15,12,3
Lorenzo Brown,4,4,3,1
Lorenzo Williams,13,13,13,0
Lou Amundson,19,19,1,18
Lou Roe,2,2,1,1
Lou Williams,14,14,5,9
Loy Vaught,13,13,13,0
Luc Longley,12,12,8,4
Luc Mbah,11,11,0,11
Lucas Nogueira,3,3,3,0
Lucious Harris,12,12,12,0
Luigi Datome,4,4,3,1
Luis Flores,3,3,3,0
Luis Montero,1,1,1,0
Luis Scola,12,12,11,1
Luke Babbitt,7,7,6,1
Luke Harangody,4,4,4,0
Luke Jackson,6,6,6,0
Luke Ridnour,14,14,14,0
Luke Schenscher,2,2,1,1
Luke Walton,12,12,12,0
Luke Zeller,1,1,1,0
Luol Deng,15,15,14,1
Luther Head,8,8,7,1
Luther Wright,1,1,1,0
Lynn Greer,1,1,1,0
Maalik Wayns,4,4,3,1
Maceo Baston,4,4,2,2
Maciej Lampe,7,7,7,0
Magic Johnson,3,3,1,2
Mahmoud Abdul-Rauf,9,9,9,0
Makhtar N'Diaye,1,1,1,0
Malachi Richardson,1,1,1,0
Malcolm Brogdon,1,1,1,0
Malcolm Delaney,1,1,1,0
Malcolm Lee,3,3,2,1
Malcolm Mackey,1,1,1,0
Malcolm Thomas,8,8,2,6
Malik Allen,14,14,14,0
Malik Beasley,1,1,1,0
Malik Hairston,2,2,2,0
Malik Rose,17,17,10,7
Malik Sealy,8,8,8,0
Mamadou N'Diaye,7,7,4,3
Manny Harris,4,4,3,1
Manu Ginobili,15,15,13,2
Manute Bol,9,9,8,1
MarShon Brooks,6,6,6,0
Marc Gasol,9,9,9,0
Marc Jackson,11,11,10,1
Marcelo Huertas,2,2,2,0
Marcin Gortat,12,12,9,3
Marco Belinelli,10,10,9,1
Marcus Banks,14,14,14,0
Marcus Brown,2,2,2,0
Marcus Camby,21,21,17,4
Marcus Cousin,1,1,0,1
Marcus Fizer,6,6,5,1
Marcus Georges-Hunt,3,3,3,0
Marcus Haislip,5,5,5,0
Marcus Landry,3,3,3,0
Marcus Liberty,6,6,6,0
Marcus Morris,8,8,8,0
Marcus Smart,3,3,3,0
Marcus Thornton,19,19,19,0
Marcus Vinicius,2,2,2,0
Marcus Webb,1,1,1,0
Marcus Williams,12,12,10,2
Mardy Collins,6,6,5,1
Mario Bennett,5,5,3,2
Mario Chalmers,10,10,8,2
Mario Elie,13,13,11,2
Mario Hezonja,2,2,2,0
Mario Kasun,2,2,2,0
Mario West,4,4,3,1
Mark Acres,6,6,2,4
Mark Aguirre,6,6,4,2
Mark Alarie,2,2,1,1
Mark Blount,13,13,12,1
Mark Bradtke,1,1,1,0
Mark Bryant,17,17,16,1
Mark Davis,5,5,4,1
Mark Eaton,4,4,3,1
Mark Hendrickson,6,6,5,1
Mark Jackson,20,20,15,5
Mark Jones,1,1,0,1
Mark Macon,8,8,6,2
Mark Madsen,9,9,9,0
Mark McNamara,2,2,0,2
Mark Pope,6,6,3,3
Mark Price,9,9,8,1
Mark Randall,8,8,7,1
Mark Strickland,10,10,7,3
Mark Wade,1,1,0,1
Mark West,11,11,7,4
Markel Brown,2,2,2,0
Markieff Morris,8,8,8,0
Marko Jaric,7,7,6,1
Marko Milic,2,2,2,0
Marlon Garnett,1,1,1,0
Marlon Maxey,2,2,1,1
Marques Bragg,1,1,1,0
Marques Johnson,1,1,0,1
Marquese Chriss,1,1,1,0
Marquis Daniels,10,10,8,2
Marquis Teague,4,4,4,0
Marreese Speights,11,11,11,0
Marshall Plumlee,1,1,1,0
Martell Webster,11,11,11,0
Martin Lewis,2,2,1,1
Martin Muursepp,4,4,3,1
Marty Conlon,13,13,12,1
Martynas Andriuskevicius,1,1,1,0
Marvin Williams,12,12,11,1
Mason Plumlee,6,6,6,0
Mateen Cleaves,6,6,5,1
Matt Barnes,24,24,23,1
Matt Bonner,12,12,12,0
Matt Bullard,11,11,8,3
Matt Carroll,14,14,8,6
Matt Fish,7,7,4,3
Matt Freije,3,3,3,0
Matt Geiger,10,10,8,2
Matt Harpring,11,11,9,2
Matt Maloney,7,7,5,2
Matt Othick,1,1,1,0
Matt Steigenga,1,1,0,1
Matt Walsh,1,1,1,0
Matt Wenstrom,1,1,1,0
Matthew Dellavedova,4,4,3,1
Maurice Ager,6,6,5,1
Maurice Baker,3,3,0,3
Maurice Carter,3,3,0,3
Maurice Cheeks,6,6,3,3
Maurice Evans,13,13,13,0
Maurice Harkless,5,5,5,0
Maurice Ndour,2,2,2,0
Maurice Taylor,11,11,10,1
Mehmet Okur,10,10,9,1
Mel McCants,1,1,0,1
Melvin Booker,4,4,0,4
Melvin Ely,11,11,7,4
Melvin Newbern,1,1,0,1
Melvin Sanders,1,1,0,1
Melvin Turpin,1,1,0,1
Mengke Bateer,3,3,2,1
Metta World,21,21,0,21
Meyers Leonard,5,5,5,0
Michael Adams,7,7,5,2
Michael Ansley,5,5,1,4
Michael Beasley,12,12,11,1
Michael Bradley,10,10,10,0
Michael Cage,10,10,9,1
Michael Carter-Williams,6,6,6,0
Michael Cooper,1,1,0,1
Michael Curry,13,13,10,3
Michael Dickerson,5,5,5,0
Michael Doleac,12,12,10,2
Michael Finley,20,20,18,2
Michael Gbinije,1,1,1,0
Michael Hawkins,4,4,2,2
Michael Jackson,1,1,0,1
Michael Jordan,10,10,8,2
Michael Kidd-Gilchrist,5,5,2,3
Michael McDonald,1,1,0,1
Michael Olowokandi,11,11,10,1
Michael Redd,12,12,12,0
Michael Ruffin,10,10,9,1
Michael Smith,12,12,11,1
Michael Stewart,10,10,9,1
Michael Young,1,1,0,1
Micheal Williams,11,11,5,6
Mickael Gelabale,3,3,3,0
Mickael Pietrus,13,13,10,3
Mickell Gladness,3,3,3,0
Mike Batiste,1,1,1,0
Mike Bibby,19,19,19,0
Mike Brown,8,8,4,4
Mike Conley,10,10,10,0
Mike Dunleavy,20,20,15,5
Mike Gminski,9,9,8,1
Mike Hall,1,1,1,0
Mike Harris,6,6,3,3
Mike Higgins,4,4,0,4
Mike Holton,1,1,0,1
Mike Iuzzolino,2,2,2,0
Mike James,20,20,18,2
Mike McGee,1,1,0,1
Mike Miller,21,21,20,1
Mike Morrison,1,1,0,1
Mike Muscala,4,4,3,1
Mike Penberthy,2,2,2,0
Mike Peplowski,5,5,1,4
Mike Sanders,7,7,6,1
Mike Scott,5,5,5,0
Mike Smith,1,1,1,0
Mike Smrek,5,5,3,2
Mike Sweetney,4,4,4,0
Mike Taylor,1,1,1,0
Mike Tobey,1,1,1,0
Mike Wilks,18,18,17,1
Mike Williams,3,3,0,3
Mike Woodson,4,4,0,4
Mikki Moore,23,23,20,3
Mile Ilic,1,1,1,0
Miles Plumlee,9,9,9,0
Miles Simon,1,1,1,0
Milos Babic,2,2,1,1
Milt Palacio,9,9,9,0
Milt Wagner,1,1,0,1
Mindaugas Kuzminskas,1,1,1,0
Miroslav Raduljica,3,3,2,1
Mirsad Turkcan,3,3,0,3
Mirza Teletovic,5,5,5,0
Mitch McGary,2,2,2,0
Mitch Richmond,14,14,13,1
Mitchell Butler,8,8,8,0
Mitchell Wiggins,2,2,1,1
Mo Williams,17,17,14,3
Monta Ellis,14,14,13,1
Montrezl Harrell,2,2,2,0
Monty Williams,11,11,8,3
Moochie Norris,15,15,12,3
Mookie Blaylock,13,13,12,1
Morlon Wiley,15,15,11,4
Morris Almond,3,3,2,1
Morris Peterson,11,11,10,1
Moses Malone,7,7,6,1
Mouhamed Sene,5,5,5,0
Muggsy Bogues,14,14,12,2
Mustafa Shakur,2,2,1,1
Mychal Thompson,2,2,1,1
Mychel Thompson,1,1,1,0
Myles Turner,2,2,2,0
Myron Brown,1,1,1,0
Nando De,4,4,0,4
Nate Driggers,1,1,0,1
Nate Huffman,1,1,1,0
Nate Johnston,3,3,0,3
Nate McMillan,9,9,8,1
Nate Robinson,21,21,20,1
Nate Wolters,7,7,6,1
Nathan Jawai,2,2,2,0
Nazr Mohammed,28,28,18,10
Ndudi Ebi,2,2,2,0
Negele Knight,10,10,9,1
Nemanja Bjelica,2,2,2,0
Nemanja Nedovic,1,1,1,0
Nenad Krstic,9,9,9,0
Nene Hilario,17,17,15,2
Nerlens Noel,5,5,5,0
Nick Anderson,13,13,11,2
Nick Calathes,2,2,1,1
Nick Collison,13,13,13,0
Nick Fazekas,3,3,3,0
Nick Johnson,1,1,1,0
Nick Van,15,15,0,15
Nick Young,12,12,12,0
Nicolas Batum,9,9,9,0
Nicolas Brussino,1,1,1,0
Nicolas Laprovittola,1,1,1,0
Nik Stauskas,3,3,3,0
Nikola Jokic,2,2,2,0
Nikola Mirotic,3,3,2,1
Nikola Pekovic,6,6,6,0
Nikola Vucevic,6,6,6,0
Nikoloz Tskitishvili,8,8,5,3
Noah Vonleh,3,3,2,1
Noel Felix,1,1,0,1
Nolan Smith,2,2,2,0
Norm Richardson,3,3,3,0
Norman Powell,2,2,2,0
Norris Cole,8,8,8,0
O.J. Mayo,8,8,8,0
Obinna Ekezie,6,6,5,1
Ognjen Kuzmic,2,2,1,1
Okaro White,1,1,1,0
Olden Polynice,17,17,14,3
Oleksiy Pecherov,3,3,3,0
Oliver Lafayette,1,1,0,1
Oliver Miller,11,11,9,2
Olumide Oyedeji,3,3,3,0
Omar Cook,2,2,0,2
Omer Asik,7,7,6,1
Omri Casspi,15,15,15,0
Orien Greene,4,4,2,2
Orlando Johnson,10,10,10,0
Orlando Woolridge,8,8,6,2
Oscar Torres,2,2,2,0
Othella Harrington,14,14,9,5
Othello Hunter,2,2,2,0
Othyus Jeffers,7,7,0,7
Otis Smith,3,3,2,1
Otis Thorpe,16,16,12,4
Otto Porter,4,4,4,0
P.J. Brown,15,15,11,4
P.J. Hairston,4,4,3,1
P.J. Tucker,8,8,8,0
Pablo Prigioni,6,6,6,0
Pape Sow,3,3,3,0
Pape Sy,1,1,1,0
Pascal Siakam,1,1,1,0
Pat Burke,3,3,2,1
Pat Connaughton,2,2,2,0
Pat Cummings,2,2,0,2
Pat Durham,2,2,0,2
Pat Garrity,10,10,9,1
Patricio Garino,2,2,2,0
Patrick Beverley,5,5,4,1
Patrick Christopher,1,1,0,1
Patrick Eddie,1,1,1,0
Patrick Ewing,14,14,11,3
Patrick McCaw,1,1,1,0
Patrick O'Bryant,6,6,6,0
Patrick Patterson,11,11,11,0
Patty Mills,8,8,1,7
Pau Gasol,18,18,17,1
Paul Davis,4,4,4,0
Paul George,7,7,7,0
Paul Graham,3,3,3,0
Paul Grant,4,4,4,0
Paul McPherson,3,3,3,0
Paul Millsap,11,11,9,2
Paul Mokeski,2,2,1,1
Paul Pierce,19,19,16,3
Paul Pressey,4,4,2,2
Paul Shirley,3,3,1,2
Paul Zipser,1,1,1,0
Pavel Podkolzin,2,2,2,0
Peja Stojakovic,22,22,21,1
Pepe Sanchez,4,4,1,3
Pero Antic,2,2,1,1
Perry Jones,3,3,3,0
Pervis Ellison,11,11,10,1
Pete Chilcutt,14,14,10,4
Pete Myers,10,10,5,5
Peter Aluma,1,1,0,1
Peter John,1,1,0,1
Peyton Siva,1,1,0,1
Phil Pressey,8,8,7,1
Pierre Jackson,1,1,1,0
Pooh Richardson,10,10,9,1
Popeye Jones,11,11,11,0
Pops Mensah-Bonsu,11,11,7,4
Predrag Drobnjak,4,4,3,1
Predrag Savovic,1,1,1,0
Priest Lauderdale,2,2,2,0
Primoz Brezec,13,13,10,3
Purvis Short,1,1,0,1
Quentin Richardson,13,13,11,2
Quincy Acy,12,12,12,0
Quincy Douby,5,5,4,1
Quincy Lewis,4,4,3,1
Quincy Miller,11,11,11,0
Quincy Pondexter,7,7,7,0
Quinn Cook,6,6,6,0
Quintin Dailey,3,3,2,1
Quinton Ross,9,9,9,0
Qyntel Woods,4,4,4,0
R.J. Hunter,3,3,3,0
Radisav Curcic,1,1,1,0
Raef LaFrentz,12,12,12,0
Rafael Addison,5,5,4,1
Rafael Araujo,3,3,2,1
Rafer Alston,18,18,17,1
Raja Bell,16,16,11,5
Rajon Rondo,13,13,10,3
Rakeem Christmas,2,2,2,0
Ralph Lewis,3,3,0,3
Ralph Sampson,3,3,2,1
Ramon Sessions,16,16,12,4
Randell Jackson,2,2,2,0
Randolph Childress,4,4,4,0
Randolph Keys,6,6,2,4
Randolph Morris,4,4,3,1
Randy Allen,1,1,0,1
Randy Breuer,7,7,3,4
Randy Brown,12,12,11,1
Randy Foye,13,13,13,0
Randy Holcomb,1,1,1,0
Randy Livingston,11,11,3,8
Randy White,5,5,4,1
Randy Wittman,3,3,2,1
Randy Woods,4,4,3,1
Rashad McCants,6,6,6,0
Rashad Vaughn,2,2,2,0
Rashard Lewis,19,19,19,0
Rasheed Wallace,19,19,17,2
Rasho Nesterovic,12,12,9,3
Rastko Cvetkovic,1,1,1,0
Rasual Butler,15,15,14,1
Ratko Varda,1,1,1,0
Raul Lopez,2,2,2,0
Raul Neto,2,2,2,0
Rawle Marshall,2,2,1,1
Ray Allen,20,20,19,1
Ray McCallum,8,8,7,1
Ray Owes,1,1,1,0
Raymond Brown,1,1,0,1
Raymond Felton,14,14,9,5
Reece Gaines,5,5,5,0
Reggie Bullock,6,6,6,0
Reggie Evans,17,17,15,2
Reggie Geary,2,2,2,0
Reggie Hanson,1,1,0,1
Reggie Jackson,8,8,8,0
Reggie Jordan,8,8,5,3
Reggie Lewis,4,4,3,1
Reggie Miller,16,16,11,5
Reggie Slater,16,16,10,6
Reggie Smith,2,2,2,0
Reggie Theus,2,2,1,1
Reggie Williams,23,23,13,10
Renaldo Balkman,8,8,7,1
Renaldo Major,1,1,1,0
Rex Chapman,13,13,11,2
Rex Walters,12,12,10,2
Rich King,4,4,4,0
Rich Manning,4,4,3,1
Richard Anderson,1,1,0,1
Richard Coffey,1,1,1,0
Richard Dumas,3,3,2,1
Richard Hamilton,15,15,14,1
Richard Jefferson,18,18,18,0
Richard Petruska,1,1,1,0
Richaun Holmes,2,2,2,0
Richie Frahm,6,6,6,0
Rick Brunson,15,15,14,1
Rick Calloway,1,1,1,0
Rick Carlisle,1,1,0,1
Rick Fox,13,13,13,0
Rick Hughes,1,1,1,0
Rick Mahorn,9,9,7,2
Rickey Green,4,4,3,1
Ricky Blanton,1,1,1,0
Ricky Davis,16,16,15,1
Ricky Grace,1,1,0,1
Ricky Ledo,7,7,6,1
Ricky Pierce,13,13,11,2
Ricky Rubio,6,6,6,0
Rik Smits,11,11,6,5
Rob Kurz,1,1,0,1
Robbie Hummel,2,2,1,1
Robert Archibald,5,5,5,0
Robert Churchwell,1,1,0,1
Robert Covington,5,5,4,1
Robert Hite,1,1,0,1
Robert Horry,18,18,15,3
Robert Pack,15,15,12,3
Robert Parish,8,8,7,1
Robert Reid,4,4,0,4
Robert Sacre,4,4,4,0
Robert Swift,4,4,4,0
Robert Traylor,7,7,7,0
Robert Werdann,3,3,3,0
Robert Whaley,1,1,1,0
Robin Lopez,9,9,8,1
Rod Higgins,6,6,4,2
Rod Strickland,23,23,18,5
Rodney Buford,5,5,4,1
Rodney Carney,10,10,9,1
Rodney Hood,3,3,3,0
Rodney McCray,4,4,3,1
Rodney McGruder,1,1,1,0
Rodney Monroe,1,1,1,0
Rodney Rogers,16,16,15,1
Rodney Stuckey,10,10,8,2
Rodney White,6,6,3,3
Rodrick Rhodes,5,5,4,1
Rodrigue Beaubois,4,4,4,0
Roger Mason,12,12,11,1
Roger Powell,1,1,0,1
Roko Ukic,2,2,2,0
Rolando Blackman,5,5,4,1
Ron Anderson,7,7,6,1
Ron Baker,1,1,1,0
Ron Grandison,6,6,5,1
Ron Harper,14,14,10,4
Ron Mercer,12,12,9,3
Ronald Dupree,8,8,7,1
Ronald Murray,16,16,16,0
Rondae Hollis-Jefferson,2,2,2,0
Ronnie Brewer,14,14,13,1
Ronnie Price,13,13,12,1
Ronny Turiaf,12,12,10,2
Rony Seikaly,12,12,11,1
Rory Sparrow,5,5,4,1
Roshown McLeod,5,5,5,0
Roy Hibbert,11,11,11,0
Roy Hinson,2,2,1,1
Roy Marble,2,2,0,2
Roy Rogers,5,5,5,0
Roy Tarpley,3,3,2,1
Royal Ivey,12,12,11,1
Royce White,1,1,1,0
Ruben Boumtje-Boumtje,3,3,3,0
Ruben Garces,3,3,3,0
Ruben Nembhard,3,3,0,3
Ruben Patterson,12,12,12,0
Ruben Wolkowyski,2,2,2,0
Rudy Fernandez,4,4,4,0
Rudy Gay,15,15,15,0
Rudy Gobert,4,4,4,0
Rumeal Robinson,11,11,10,1
Russ Smith,4,4,4,0
Russell Westbrook,9,9,9,0
Rusty LaRue,5,5,1,4
Ryan Anderson,9,9,9,0
Ryan Bowen,10,10,10,0
Ryan Gomes,8,8,7,1
Ryan Hollins,19,19,17,2
Ryan Humphrey,5,5,5,0
Ryan Kelly,4,4,3,1
Ryan Lorthridge,1,1,0,1
Ryan Reid,1,1,1,0
Ryan Robertson,1,1,1,0
Ryan Stack,2,2,2,0
Salah Mejri,2,2,2,0
Salim Stoudamire,3,3,3,0
Sam Bowie,6,6,5,1
Sam Cassell,22,22,22,0
Sam Dekker,2,2,2,0
Sam Jacobson,9,9,9,0
Sam Mack,9,9,8,1
Sam Mitchell,13,13,9,4
Sam Perkins,14,14,11,3
Sam Vincent,3,3,2,1
Sam Young,6,6,6,0
Samaki Walker,10,10,8,2
Samardo Samuels,3,3,3,0
Samuel Dalembert,13,13,11,2
Sarunas Jasikevicius,4,4,4,0
Sarunas Marciulionis,7,7,6,1
Sasha Danilovic,4,4,4,0
Sasha Kaun,1,1,1,0
Sasha Pavlovic,18,18,18,0
Sasha Vujacic,12,12,11,1
Scot Pollard,13,13,12,1
Scott Brooks,11,11,9,2
Scott Burrell,10,10,6,4
Scott Haffner,2,2,1,1
Scott Haskin,1,1,1,0
Scott Hastings,4,4,3,1
Scott Machado,1,1,0,1
Scott Meents,2,2,1,1
Scott Padgett,13,13,12,1
Scott Roth,1,1,0,1
Scott Skiles,7,7,5,2
Scott Williams,19,19,19,0
Scottie Pippen,15,15,12,3
Scotty Hopson,1,1,0,1
Sean Colson,3,3,0,3
Sean Elliott,12,12,9,3
Sean Green,5,5,5,0
Sean Higgins,8,8,4,4
Sean Kilpatrick,9,9,9,0
Sean Lampley,2,2,2,0
Sean Marks,11,11,7,4
Sean May,4,4,1,3
Sean Rooks,16,16,15,1
Sean Singletary,3,3,0,3
Sean Williams,6,6,3,3
Sebastian Telfair,14,14,13,1
Sedale Threatt,8,8,6,2
Sedric Toney,4,4,1,3
Semaj Christon,1,1,1,0
Semih Erden,4,4,4,0
Serge Ibaka,10,10,10,0
Sergei Bazarevich,1,1,1,0
Sergei Monia,3,3,3,0
Sergey Karasev,3,3,3,0
Sergio Rodriguez,7,7,7,0
Seth Curry,7,7,4,3
Shabazz Muhammad,4,4,4,0
Shabazz Napier,3,3,3,0
Shammond Williams,11,11,10,1
Shandon Anderson,16,16,16,0
Shane Battier,15,15,14,1
Shane Edwards,1,1,0,1
Shane Heal,2,2,1,1
Shane Larkin,3,3,3,0
Shannon Brown,15,15,14,1
Shaquille O'Neal,21,21,19,2
Shareef Abdur-Rahim,14,14,11,3
Sharone Wright,6,6,6,0
Sharrod Ford,1,1,0,1
Shaun Livingston,21,21,20,1
Shavlik Randolph,15,15,12,3
Shawn Bradley,16,16,14,2
Shawn Kemp,15,15,14,1
Shawn Long,1,1,1,0
Shawn Marion,20,20,18,2
Shawn Respert,8,8,7,1
Shawne Williams,9,9,7,2
Shawnelle Scott,4,4,3,1
Shayne Whittington,2,2,2,0
Shea Seals,1,1,1,0
Shelden Williams,12,12,9,3
Sheldon McClellan,1,1,1,0
Shelvin Mack,15,15,15,0
Sherell Ford,1,1,1,0
Sherman Douglas,17,17,16,1
Sherron Collins,1,1,0,1
Sidney Green,6,6,5,1
Sidney Lowe,1,1,0,1
Sidney Moncrief,1,1,1,0
Sim Bhullar,1,1,1,0
Skal Labissiere,1,1,1,0
Skeeter Henry,1,1,0,1
Slavko Vranes,1,1,1,0
Sleepy Floyd,7,7,4,3
Smush Parker,9,9,9,0
Solomon Alabi,2,2,2,0
Solomon Hill,4,4,4,0
Solomon Jones,13,13,11,2
Sonny Weems,6,6,6,0
Soumaila Samake,2,2,2,0
Speedy Claxton,9,9,9,0
Spencer Dinwiddie,3,3,3,0
Spencer Hawes,14,14,13,1
Spud Webb,10,10,8,2
Stacey Augmon,17,17,16,1
Stacey King,12,12,7,5
Stan Kimbrough,2,2,1,1
Stanislav Medvedenko,7,7,7,0
Stanley Brundy,1,1,0,1
Stanley Jackson,1,1,0,1
Stanley Johnson,2,2,2,0
Stanley Roberts,8,8,7,1
Stefano Rusconi,1,1,1,0
Stephane Lasme,3,3,3,0
Stephen Curry,8,8,8,0
Stephen Graham,9,9,8,1
Stephen Howard,6,6,5,1
Stephen Jackson,20,20,14,6
Stephen Thompson,3,3,0,3
Stephen Zimmerman,1,1,1,0
Stephon Marbury,17,17,15,2
Steve Alford,2,2,1,1
Steve Bardo,3,3,1,2
Steve Blake,19,19,16,3
Steve Bucknall,1,1,0,1
Steve Burtt,2,2,0,2
Steve Colter,3,3,2,1
Steve Francis,11,11,9,2
Steve Goodrich,2,2,1,1
Steve Hamer,1,1,1,0
Steve Harris,1,1,0,1
Steve Henson,7,7,4,3
Steve Johnson,4,4,0,4
Steve Kerr,16,16,12,4
Steve Nash,18,18,15,3
Steve Novak,23,23,22,1
Steve Scheffler,9,9,6,3
Steve Smith,18,18,14,4
Steven Adams,4,4,4,0
Steven Hill,1,1,1,0
Steven Hunter,9,9,9,0
Steven Smith,1,1,1,0
Stevin Smith,1,1,0,1
Stojko Vrankovic,5,5,4,1
Stromile Swift,13,13,13,0
Stuart Gray,4,4,0,4
Sun Yue,1,1,1,0
Sundiata Gaines,10,10,10,0
T.J. Ford,8,8,8,0
T.J. McConnell,2,2,2,0
T.J. Warren,3,3,3,0
T.R. Dunn,2,2,0,2
Taj Gibson,10,10,9,1
Tamar Slay,3,3,2,1
Tang Hamilton,1,1,1,0
Tarence Kinsey,3,3,3,0
Tarik Black,5,5,5,0
Tariq Abdul-Wahad,10,10,10,0
Tate George,4,4,4,0
Taurean Green,3,3,3,0
Taurean Waller-Prince,1,1,1,0
Taylor Griffin,1,1,1,0
Tayshaun Prince,19,19,18,1
Tellis Frank,3,3,1,2
Terence Morris,3,3,2,1
Terrance Roberson,1,1,1,0
Terrel Harris,4,4,4,0
Terrell Brandon,13,13,13,0
Terrence Jones,10,10,9,1
Terrence Rencher,3,3,3,0
Terrence Ross,7,7,7,0
Terrence Williams,8,8,7,1
Terry Catledge,4,4,3,1
Terry Cummings,13,13,11,2
Terry Davis,10,10,9,1
Terry Dehere,12,12,12,0
Terry Dozier,1,1,0,1
Terry Mills,14,14,12,2
Terry Porter,13,13,10,3
Terry Rozier,2,2,2,0
Terry Teagle,4,4,2,2
Thabo Sefolosha,13,13,13,0
Thaddeus Young,12,12,11,1
Thanasis Antetokounmpo,1,1,1,0
Tharon Mayes,3,3,3,0
Theo Ratliff,24,24,18,6
Theron Smith,2,2,1,1
Thomas Gardner,2,2,2,0
Thomas Hamilton,2,2,1,1
Thomas Jordan,1,1,0,1
Thomas Robinson,9,9,6,3
Thon Maker,1,1,1,0
Thurl Bailey,8,8,6,2
Tiago Splitter,7,7,7,0
Tibor Pleiss,1,1,1,0
Tierre Brown,4,4,2,2
Tim Breaux,3,3,3,0
Tim Duncan,19,19,15,4
Tim Frazier,13,13,13,0
Tim Hardaway,21,21,18,3
Tim James,4,4,3,1
Tim Kempton,10,10,7,3
Tim Legler,12,12,9,3
Tim McCormick,3,3,2,1
Tim Ohlbrecht,1,1,0,1
Tim Perry,9,9,8,1
Tim Quarterman,1,1,0,1
Tim Thomas,23,23,23,0
Tim Young,1,1,1,0
Timofey Mozgov,11,11,11,0
Timothe Luwawu-Cabarrot,1,1,1,0
Tito Horford,2,2,0,2
Tito Maddox,1,1,0,1
Tobias Harris,10,10,10,0
Toby Bailey,2,2,1,1
Tod Murphy,6,6,5,1
Todd Day,10,10,8,2
Todd Fuller,5,5,4,1
Todd Lichti,8,8,7,1
Todd MacCulloch,4,4,2,2
Todd Mundt,3,3,3,0
Tom Chambers,9,9,7,2
Tom Copa,1,1,1,0
Tom Garrick,6,6,5,1
Tom Gugliotta,20,20,18,2
Tom Hammonds,14,14,12,2
Tom Hovasse,1,1,1,0
Tom Tolbert,6,6,5,1
Tomas Satoransky,1,1,1,0
Toney Douglas,13,13,13,0
Toni Kukoc,17,17,13,4
Tony Allen,13,13,11,2
Tony Battie,16,16,16,0
Tony Bennett,3,3,3,0
Tony Bobbitt,1,1,1,0
Tony Brown,7,7,6,1
Tony Campbell,8,8,7,1
Tony Dawson,2,2,0,2
Tony Delk,16,16,14,2
Tony Dumas,6,6,6,0
Tony Farmer,2,2,2,0
Tony Harris,3,3,1,2
Tony Massenburg,20,20,19,1
Tony Mitchell,2,2,0,2
Tony Parker,16,16,14,2
Tony Smith,11,11,8,3
Tony Snell,4,4,3,1
Tony Wroten,5,5,5,0
Torgeir Bryn,1,1,0,1
Tornike Shengelia,4,4,4,0
Torraye Braggs,4,4,3,1
Toure' Murry,7,7,6,1
Tracy McGrady,17,17,14,3
Tracy Moore,5,5,3,2
Tracy Murray,16,16,16,0
Trajan Langdon,3,3,3,0
Travis Best,12,12,8,4
Travis Diener,7,7,7,0
Travis Hansen,1,1,1,0
Travis Knight,7,7,6,1
Travis Leslie,1,1,1,0
Travis Mays,3,3,3,0
Travis Outlaw,15,15,15,0
Travis Wear,1,1,1,0
Travis Williams,2,2,1,1
Tree Rollins,6,6,2,4
Tremaine Fowlkes,4,4,3,1
Trent Tucker,4,4,3,1
Trenton Hassell,11,11,11,0
Treveon Graham,1,1,1,0
Trevor Ariza,17,17,17,0
Trevor Booker,7,7,7,0
Trevor Ruffin,3,3,2,1
Trevor Wilson,6,6,4,2
Trevor Winter,1,1,1,0
Trey Burke,4,4,4,0
Trey Gilder,1,1,1,0
Trey Johnson,5,5,4,1
Trey Lyles,2,2,2,0
Trey Thompkins,1,1,1,0
Tristan Thompson,6,6,6,0
Troy Bell,1,1,1,0
Troy Daniels,7,7,2,5
Troy Hudson,12,12,12,0
Troy Murphy,16,16,13,3
Troy Williams,6,6,6,0
Ty Lawson,13,13,13,0
Tyler Ennis,7,7,7,0
Tyler Hansbrough,7,7,7,0
Tyler Honeycutt,2,2,1,1
Tyler Johnson,3,3,3,0
Tyler Ulis,1,1,1,0
Tyler Zeller,5,5,5,0
Tyreke Evans,10,10,10,0
Tyrone Corbin,16,16,15,1
Tyrone Hill,18,18,17,1
Tyrone Nesby,6,6,6,0
Tyronn Lue,17,17,14,3
Tyrus Thomas,10,10,4,6
Tyshawn Taylor,2,2,2,0
Tyson Chandler,16,16,14,2
Tyson Wheeler,1,1,0,1
Tyus Edney,4,4,4,0
Tyus Jones,2,2,2,0
Udonis Haslem,14,14,11,3
Uros Slokar,1,1,1,0
Uwe Blab,3,3,0,3
Vander Blue,2,2,0,2
Vassilis Spanoulis,1,1,1,0
Vern Fleming,7,7,5,2
Vernon Macklin,1,1,1,0
Vernon Maxwell,18,18,8,10
Viacheslav Kravtsov,2,2,1,1
Victor Alexander,5,5,5,0
Victor Claver,3,3,3,0
Victor Oladipo,4,4,4,0
Viktor Khryapa,4,4,4,0
Vin Baker,21,21,21,0
Vince Carter,24,24,20,4
Vincent Askew,13,13,11,2
Vincent Yarbrough,1,1,1,0
Vincenzo Esposito,1,1,1,0
Vinnie Johnson,3,3,2,1
Vinny Del,13,13,0,13
Vitaly Potapenko,15,15,15,0
Vitor Faverani,1,1,0,1
Vlade Divac,16,16,14,2
Vladimir Radmanovic,18,18,15,3
Vladimir Stepania,6,6,6,0
Von Wafer,8,8,7,1
Vonteego Cummings,3,3,3,0
Voshon Lenard,13,13,9,4
Wade Baldwin,1,1,1,0
Walker Russell,1,1,1,0
Wally Szczerbiak,14,14,13,1
Walt Williams,15,15,14,1
Walter Bond,8,8,8,0
Walter Davis,6,6,5,1
Walter Herrmann,5,5,4,1
Walter McCarty,12,12,12,0
Walter Palmer,2,2,2,0
Walter Sharpe,1,1,1,0
Walter Tavares,1,1,1,0
Wang Zhizhi,7,7,6,1
Warren Kidd,1,1,0,1
Wayman Tisdale,8,8,7,1
Wayne Cooper,3,3,2,1
Wayne Ellington,13,13,13,0
Wayne Selden,6,6,6,0
Wayne Simien,2,2,1,1
Wayne Turner,1,1,1,0
Wes Matthews,1,1,0,1
Wesley Johnson,7,7,7,0
Wesley Matthews,8,8,8,0
Wesley Person,16,16,16,0
Will Barton,7,7,7,0
Will Blalock,1,1,1,0
Will Bynum,9,9,6,3
Will Cherry,1,1,1,0
Will Conroy,8,8,8,0
Will Perdue,12,12,8,4
Will Solomon,4,4,4,0
William Avery,3,3,3,0
William Bedford,4,4,2,2
William Cunningham,6,6,6,0
Willie Anderson,10,10,8,2
Willie Burton,9,9,7,2
Willie Cauley-Stein,2,2,2,0
Willie Green,12,12,9,3
Willie Reed,2,2,2,0
Willie Warren,1,1,1,0
Willy Hernangomez,1,1,1,0
Wilson Chandler,11,11,10,1
Winston Bennett,5,5,4,1
Winston Garland,7,7,3,4
Xavier Henry,5,5,4,1
Xavier McDaniel,10,10,8,2
Xavier Munford,1,1,1,0
Xavier Silas,1,1,0,1
Yakhouba Diawara,4,4,2,2
Yao Ming,8,8,6,2
Yaroslav Korolev,2,2,2,0
Yi Jianlian,5,5,5,0
Yinka Dare,4,4,3,1
Yogi Ferrell,6,6,6,0
Yuta Tabuse,1,1,1,0
Zabian Dowdell,1,1,0,1
Zach LaVine,3,3,3,0
Zach Randolph,18,18,18,0
Zan Tabak,8,8,7,1
Zarko Cabarkapa,5,5,5,0
Zarko Paspalj,1,1,0,1
Zaza Pachulia,14,14,14,0
Zeljko Rebraca,7,7,7,0
Zendon Hamilton,8,8,6,2
Zoran Dragic,3,3,3,0
Zoran Planinic,3,3,3,0
Zydrunas Ilgauskas,13,13,11,2
